5 | 6 | 7 || 2 | 8 | 3 || 1 | 4 | 9
-----------------------------------
1 | 3 | 2 || 7 | 9 | 4 || 8 | 6 | 5
-----------------------------------
8 | 9 | 4 || 5 | 6 | 1 || 3 | 7 | 2
-----------------------------------
-----------------------------------
6 | 7 | 8 || 9 | 3 | 2 || 4 | 5 | 1
-----------------------------------
3 | 2 | 5 || 4 | 1 | 7 || 6 | 9 | 8
-----------------------------------
9 | 4 | 1 || 6 | 5 | 8 || 2 | 3 | 7
-----------------------------------
-----------------------------------
2 | 1 | 9 || 3 | 7 | 6 || 5 | 8 | 4
-----------------------------------
4 | 5 | 3 || 8 | 2 | 9 || 7 | 1 | 6
-----------------------------------
7 | 8 | 6 || 1 | 4 | 5 || 9 | 2 | 3